005930
000660
402340
005935
009150
005380
373220
032830
028260
207940
105560
012450
329180
000270
034020
055550
034730
012330
068270
006400
086790
010120
267260
042660
066570
298040
035420
000810
009540
005490
015760
006800
010130
000150
316140
042700
064350
010140
011070
051910
138040
017670
033780
011200
024110
079550
267250
096770
035720
047810
003550
018260
086280
003670
278470
272210
307950
030200
071050
000720
010950
006260
005940
259960
016360
323410
003490
0126Z0
443060
005830
028050
039490
180640
352820
047050
003230
161390
007660
047040
005387
000880
064400
090430
078930
021240
326030
062040
004170
001440
353200
241560
032640
128940
138930
029780
036570
267270
009830
000100
034220
377300
454910
271560
000990
011790
005385
175330
088980
023530
001040
000500
082740
066970
002380
052690
018880
010060
088350
069960
004020
111770
336260
051900
103590
012510
022100
035250
001450
251270
036460
009420
383220
031210
302440
097950
011780
014680
139130
004800
450080
017800
085620
001720
012750
161890
005850
483650
011170
028670
026960
489790
081660
375500
000240
006360
003690
004990
009970
204320
005440
139480
279570
007340
071970
030000
008930
282330
004370
281820
007070
462870
018670
020150
051600
457190
008770
439260
009155
00680K
000155
192820
007810
001740
103140
002790
112610
120110
000120
097230
395400
011210
475150
023590
001800
020560
229640
069620
093370
006040
001120
069500
148070
114260
153130
132030
130680
229200
